% File written by heat1d.C
xa=0; xb=1; kappa=0.1; t=0.2; maxErr= 6.271e-02; cpuTimeStep= 4.000e-06;
Nx=10; dx=  1.000000e-01; numGhost=1; n1a=0; n1b=10; nd1a=-1; nd1b=11;
solutionName='trueDD';
x=[-1.000000000000000e-01 0.000000000000000e+00 1.000000000000000e-01 2.000000000000000e-01 3.000000000000000e-01 4.000000000000000e-01 5.000000000000000e-01 6.000000000000001e-01 ...
7.000000000000001e-01 8.000000000000000e-01 9.000000000000000e-01 1.000000000000000e+00 1.100000000000000e+00 ];
u=[-1.996173197113400e-01 0.000000000000000e+00 1.094135565188983e-01 1.286233498453548e-01 4.179225976021154e-02 -7.949360195129768e-02 -1.352425935173733e-01 -7.949360195129754e-02 ...
4.179225976021178e-02 1.286233498453550e-01 1.094135565188984e-01 6.217208828649228e-17 -1.996173197113402e-01 ];
err=[-6.271178897771271e-02 0.000000000000000e+00 -2.749197421472901e-02 -3.231875399964532e-02 -1.050099973219069e-02 1.997408844582749e-02 3.398194896507664e-02 1.997408844582754e-02 ...
-1.050099973219060e-02 -3.231875399964504e-02 -2.749197421472885e-02 0.000000000000000e+00 -6.271178897771293e-02 ];
