% File written by heat1d.C
xa=0; xb=1; kappa=0.1; t=0.2; maxErr= 2.014e-02; cpuTimeStep= 2.000e-05;
Nx=20; dx=  5.000000e-02; numGhost=1; n1a=0; n1b=20; nd1a=-1; nd1b=21;
solutionName='trueDD';
x=[-5.000000000000000e-02 0.000000000000000e+00 5.000000000000000e-02 1.000000000000000e-01 1.500000000000000e-01 2.000000000000000e-01 2.500000000000000e-01 3.000000000000000e-01 ...
3.500000000000000e-01 4.000000000000000e-01 4.500000000000000e-01 5.000000000000000e-01 5.500000000000000e-01 6.000000000000001e-01 6.500000000000000e-01 7.000000000000001e-01 ...
7.500000000000000e-01 8.000000000000000e-01 8.500000000000001e-01 9.000000000000000e-01 9.500000000000001e-01 1.000000000000000e+00 1.050000000000000e+00 ];
u=[-9.696151359328978e-02 0.000000000000000e+00 7.960800685431392e-02 1.418625069696520e-01 1.731928316410416e-01 1.667693788999993e-01 1.239923776284410e-01 5.418665593313821e-02 ...
-2.743104970768799e-02 -1.030691444429091e-01 -1.562395105746025e-01 -1.753517020730276e-01 -1.562395105746025e-01 -1.030691444429091e-01 -2.743104970768795e-02 5.418665593313827e-02 ...
1.239923776284410e-01 1.667693788999993e-01 1.731928316410416e-01 1.418625069696521e-01 7.960800685431398e-02 6.217208828649229e-17 -9.696151359328967e-02 ];
err=[-2.013517898348616e-02 0.000000000000000e+00 2.781672244510300e-03 4.956976236024702e-03 6.051724088579180e-03 5.827275054999165e-03 4.332556095909615e-03 1.893396440735960e-03 ...
-9.584989327680593e-04 -3.601454045783922e-03 -5.459339169947952e-03 -6.127159590577580e-03 -5.459339169947897e-03 -3.601454045783950e-03 -9.584989327680246e-04 1.893396440735877e-03 ...
4.332556095909698e-03 5.827275054999248e-03 6.051724088579236e-03 4.956976236024757e-03 2.781672244510425e-03 0.000000000000000e+00 -2.013517898348596e-02 ];
