% File written by heat1d.C
xa=0; xb=1; kappa=0.1; t=0.2; maxErr= 2.534e-03; cpuTimeStep= 1.110e-04;
Nx=40; dx=  2.500000e-02; numGhost=1; n1a=0; n1b=40; nd1a=-1; nd1b=41;
solutionName='trueDD';
x=[-2.500000000000000e-02 0.000000000000000e+00 2.500000000000000e-02 5.000000000000000e-02 7.500000000000001e-02 1.000000000000000e-01 1.250000000000000e-01 1.500000000000000e-01 ...
1.750000000000000e-01 2.000000000000000e-01 2.250000000000000e-01 2.500000000000000e-01 2.750000000000000e-01 3.000000000000000e-01 3.250000000000000e-01 3.500000000000000e-01 ...
3.750000000000000e-01 4.000000000000000e-01 4.250000000000000e-01 4.500000000000000e-01 4.750000000000000e-01 5.000000000000000e-01 5.250000000000000e-01 5.500000000000000e-01 ...
5.750000000000001e-01 6.000000000000001e-01 6.250000000000000e-01 6.500000000000000e-01 6.750000000000000e-01 7.000000000000001e-01 7.250000000000001e-01 7.500000000000000e-01 ...
7.750000000000000e-01 8.000000000000000e-01 8.250000000000001e-01 8.500000000000001e-01 8.750000000000000e-01 9.000000000000000e-01 9.250000000000000e-01 9.500000000000001e-01 ...
9.750000000000001e-01 1.000000000000000e+00 1.025000000000000e+00 ];
u=[-4.203873191914996e-02 0.000000000000000e+00 3.983731552116464e-02 7.747321464434395e-02 1.108279315921811e-01 1.380582793959125e-01 1.576595047007063e-01 1.685484406756132e-01 ...
1.701233629850908e-01 1.622972411715824e-01 1.455025479724573e-01 1.206673608076926e-01 8.916407607389010e-02 5.273357030090928e-02 1.338899903767074e-02 -2.669545044398033e-02 ...
-6.530470508405731e-02 -1.003052113243767e-01 -1.297628356178554e-01 -1.520497449562450e-01 -1.659343611813265e-01 -1.706494181900065e-01 -1.659343611813265e-01 -1.520497449562449e-01 ...
-1.297628356178554e-01 -1.003052113243767e-01 -6.530470508405727e-02 -2.669545044398028e-02 1.338899903767080e-02 5.273357030090934e-02 8.916407607389018e-02 1.206673608076926e-01 ...
1.455025479724574e-01 1.622972411715825e-01 1.701233629850909e-01 1.685484406756133e-01 1.576595047007064e-01 1.380582793959126e-01 1.108279315921811e-01 7.747321464434405e-02 ...
3.983731552116471e-02 6.217208828649228e-17 -4.203873191914992e-02 ];
err=[-2.534047025985316e-03 0.000000000000000e+00 3.326306279999927e-04 6.468800345403453e-04 9.253827473856835e-04 1.152748662285263e-03 1.316413502584046e-03 1.407333123150833e-03 ...
1.420483291278363e-03 1.355137326582323e-03 1.214906257475112e-03 1.007539275161229e-03 7.444955120968766e-04 4.403108085070453e-04 1.117944595394119e-04 -2.228996690603960e-04 ...
-5.452763264614247e-04 -8.375209272515755e-04 -1.083483988264550e-03 -1.269573551590436e-03 -1.385506278333337e-03 -1.424875707556561e-03 -1.385506278333365e-03 -1.269573551590381e-03 ...
-1.083483988264577e-03 -8.375209272516171e-04 -5.452763264612720e-04 -2.228996690603578e-04 1.117944595394639e-04 4.403108085069551e-04 7.444955120969460e-04 1.007539275161298e-03 ...
1.214906257475223e-03 1.355137326582406e-03 1.420483291278474e-03 1.407333123150972e-03 1.316413502584129e-03 1.152748662285347e-03 9.253827473856835e-04 6.468800345405118e-04 ...
3.326306280000760e-04 0.000000000000000e+00 -2.534047025985114e-03 ];
