% File written by heat1d.C
xa=0; xb=1; kappa=0.1; t=0.2; maxErr= 3.499e-04; cpuTimeStep= 7.370e-04;
Nx=80; dx=  1.250000e-02; numGhost=1; n1a=0; n1b=80; nd1a=-1; nd1b=81;
solutionName='trueDD';
x=[-1.250000000000000e-02 0.000000000000000e+00 1.250000000000000e-02 2.500000000000000e-02 3.750000000000001e-02 5.000000000000000e-02 6.250000000000000e-02 7.500000000000001e-02 ...
8.750000000000001e-02 1.000000000000000e-01 1.125000000000000e-01 1.250000000000000e-01 1.375000000000000e-01 1.500000000000000e-01 1.625000000000000e-01 1.750000000000000e-01 ...
1.875000000000000e-01 2.000000000000000e-01 2.125000000000000e-01 2.250000000000000e-01 2.375000000000000e-01 2.500000000000000e-01 2.625000000000000e-01 2.750000000000000e-01 ...
2.875000000000000e-01 3.000000000000000e-01 3.125000000000000e-01 3.250000000000000e-01 3.375000000000000e-01 3.500000000000000e-01 3.625000000000000e-01 3.750000000000000e-01 ...
3.875000000000000e-01 4.000000000000000e-01 4.125000000000000e-01 4.250000000000000e-01 4.375000000000000e-01 4.500000000000000e-01 4.625000000000000e-01 4.750000000000000e-01 ...
4.875000000000000e-01 5.000000000000000e-01 5.125000000000001e-01 5.250000000000000e-01 5.375000000000000e-01 5.500000000000000e-01 5.625000000000000e-01 5.750000000000001e-01 ...
5.875000000000000e-01 6.000000000000001e-01 6.125000000000000e-01 6.250000000000000e-01 6.375000000000001e-01 6.500000000000000e-01 6.625000000000001e-01 6.750000000000000e-01 ...
6.875000000000000e-01 7.000000000000001e-01 7.125000000000000e-01 7.250000000000001e-01 7.375000000000000e-01 7.500000000000000e-01 7.625000000000001e-01 7.750000000000000e-01 ...
7.875000000000001e-01 8.000000000000000e-01 8.125000000000000e-01 8.250000000000001e-01 8.375000000000000e-01 8.500000000000001e-01 8.625000000000000e-01 8.750000000000000e-01 ...
8.875000000000001e-01 9.000000000000000e-01 9.125000000000001e-01 9.250000000000000e-01 9.375000000000000e-01 9.500000000000001e-01 9.625000000000000e-01 9.750000000000001e-01 ...
9.875000000000000e-01 1.000000000000000e+00 1.012500000000000e+00 ];
u=[-2.020764363580381e-02 0.000000000000000e+00 1.993133383890362e-02 3.958635788090706e-02 5.869259283561207e-02 7.698516732298306e-02 9.421048980809110e-02 1.101297641623947e-01 ...
1.245223001150273e-01 1.371885727010221e-01 1.479529882930782e-01 1.566663188711328e-01 1.632077707832504e-01 1.674866593184187e-01 1.694436658765047e-01 1.690516603071144e-01 ...
1.663160770172043e-01 1.612748396334291e-01 1.539978352636409e-01 1.445859456458966e-01 1.331696486162379e-01 1.199072092832175e-01 1.049824859850746e-01 8.860238144576282e-02 ...
7.099397446467642e-02 5.240137190370447e-02 3.308232461278965e-02 1.330465420770551e-02 -6.657459764059684e-03 -2.652728079797403e-02 -4.602935185444854e-02 -6.489331404349118e-02 ...
-8.285765463327388e-02 -9.967333242364783e-02 -1.151072302257409e-01 -1.289453865856161e-01 -1.409959619503275e-01 -1.510918981561584e-01 -1.590932343703267e-01 -1.648890473800591e-01 ...
-1.683989893306394e-01 -1.695744015946352e-01 -1.683989893306394e-01 -1.648890473800591e-01 -1.590932343703267e-01 -1.510918981561584e-01 -1.409959619503275e-01 -1.289453865856161e-01 ...
-1.151072302257409e-01 -9.967333242364783e-02 -8.285765463327392e-02 -6.489331404349116e-02 -4.602935185444855e-02 -2.652728079797401e-02 -6.657459764059667e-03 1.330465420770554e-02 ...
3.308232461278968e-02 5.240137190370452e-02 7.099397446467648e-02 8.860238144576288e-02 1.049824859850746e-01 1.199072092832175e-01 1.331696486162379e-01 1.445859456458967e-01 ...
1.539978352636411e-01 1.612748396334292e-01 1.663160770172044e-01 1.690516603071145e-01 1.694436658765048e-01 1.674866593184188e-01 1.632077707832505e-01 1.566663188711329e-01 ...
1.479529882930783e-01 1.371885727010222e-01 1.245223001150274e-01 1.101297641623947e-01 9.421048980809119e-02 7.698516732298316e-02 5.869259283561216e-02 3.958635788090713e-02 ...
1.993133383890369e-02 6.217208828649227e-17 -2.020764363580374e-02 ];
err=[-3.174313264233640e-04 0.000000000000000e+00 4.112152952317691e-05 8.167298774242743e-05 1.210922063013264e-04 1.588327131794853e-04 1.943713084808507e-04 2.272153175993108e-04 ...
2.569094212088868e-04 2.830419673948981e-04 3.052506784197717e-04 3.232276730106287e-04 3.367237345438256e-04 3.455517659564089e-04 3.495893834890296e-04 3.487806133020410e-04 ...
3.431366674463421e-04 3.327357884291005e-04 3.177221645316031e-04 2.983039309144564e-04 2.747502842221083e-04 2.473877506861261e-04 2.165956594648855e-04 1.828008839696305e-04 ...
1.464719240826251e-04 1.081124113022566e-04 6.825412685646653e-05 2.744962957418849e-05 -1.373540428600568e-05 -5.473002305411007e-05 -9.496591480096656e-05 -1.338852858953216e-04 ...
-1.709485937450156e-04 -2.056420265227066e-04 -2.374846261828933e-04 -2.660349560252573e-04 -2.908972203692628e-04 -3.117267515038991e-04 -3.282347878458269e-04 -3.401924770660425e-04 ...
-3.474340486895322e-04 -3.498591121853523e-04 -3.474340486895322e-04 -3.401924770660703e-04 -3.282347878458269e-04 -3.117267515038991e-04 -2.908972203692350e-04 -2.660349560253406e-04 ...
-2.374846261829211e-04 -2.056420265227760e-04 -1.709485937451266e-04 -1.338852858951828e-04 -9.496591480098043e-05 -5.473002305409966e-05 -1.373540428607680e-05 2.744962957420584e-05 ...
6.825412685655674e-05 1.081124113021456e-04 1.464719240827361e-04 1.828008839696721e-04 2.165956594649410e-04 2.473877506862648e-04 2.747502842221083e-04 2.983039309145674e-04 ...
3.177221645316308e-04 3.327357884291837e-04 3.431366674464531e-04 3.487806133021520e-04 3.495893834891128e-04 3.455517659565199e-04 3.367237345439089e-04 3.232276730107120e-04 ...
3.052506784199382e-04 2.830419673948981e-04 2.569094212090395e-04 2.272153175993108e-04 1.943713084809062e-04 1.588327131796519e-04 1.210922063013195e-04 8.167298774251069e-05 ...
4.112152952337120e-05 0.000000000000000e+00 -3.174313264235444e-04 ];
