% File written by heat1d.C
xa=0; xb=1; kappa=0.1; t=0.2; maxErr= 3.053e-02; cpuTimeStep= 6.000e-06;
Nx=10; dx=  1.000000e-01; numGhost=1; n1a=0; n1b=10; nd1a=-1; nd1b=11;
solutionName='trueNN';
x=[-1.000000000000000e-01 0.000000000000000e+00 1.000000000000000e-01 2.000000000000000e-01 3.000000000000000e-01 4.000000000000000e-01 5.000000000000000e-01 6.000000000000001e-01 ...
7.000000000000001e-01 8.000000000000000e-01 9.000000000000000e-01 1.000000000000000e+00 1.100000000000000e+00 ];
u=[1.174137849486492e-01 1.997562621564820e-01 1.174137849486492e-01 -6.172807973917009e-02 -1.899794947946852e-01 -1.616062108174111e-01 -6.061335932077962e-18 1.616062108174112e-01 ...
1.899794947946852e-01 6.172807973917020e-02 -1.174137849486491e-01 -1.997562621564820e-01 -1.174137849486492e-01 ];
err=[1.794609455152403e-02 3.053171967403209e-02 1.794609455152403e-02 -9.434820246767818e-03 -2.903739094968510e-02 -2.470068008378376e-02 2.502470821116818e-17 2.470068008378384e-02 ...
2.903739094968519e-02 9.434820246767867e-03 -1.794609455152399e-02 -3.053171967403209e-02 -1.794609455152400e-02 ];
