% File written by heat1d.C
xa=0; xb=1; kappa=0.1; t=0.2; maxErr= 6.127e-03; cpuTimeStep= 2.000e-05;
Nx=20; dx=  5.000000e-02; numGhost=1; n1a=0; n1b=20; nd1a=-1; nd1b=21;
solutionName='trueNN';
x=[-5.000000000000000e-02 0.000000000000000e+00 5.000000000000000e-02 1.000000000000000e-01 1.500000000000000e-01 2.000000000000000e-01 2.500000000000000e-01 3.000000000000000e-01 ...
3.500000000000000e-01 4.000000000000000e-01 4.500000000000000e-01 5.000000000000000e-01 5.500000000000000e-01 6.000000000000001e-01 6.500000000000000e-01 7.000000000000001e-01 ...
7.500000000000000e-01 8.000000000000000e-01 8.500000000000001e-01 9.000000000000000e-01 9.500000000000001e-01 1.000000000000000e+00 1.050000000000000e+00 ];
u=[1.562395105746024e-01 1.753517020730275e-01 1.562395105746024e-01 1.030691444429091e-01 2.743104970768795e-02 -5.418665593313828e-02 -1.239923776284410e-01 -1.667693788999993e-01 ...
-1.731928316410416e-01 -1.418625069696521e-01 -7.960800685431396e-02 -5.417100033250138e-17 7.960800685431385e-02 1.418625069696520e-01 1.731928316410415e-01 1.667693788999992e-01 ...
1.239923776284409e-01 5.418665593313812e-02 -2.743104970768816e-02 -1.030691444429093e-01 -1.562395105746027e-01 -1.753517020730279e-01 -1.562395105746028e-01 ];
err=[5.459339169947897e-03 6.127159590577552e-03 5.459339169947897e-03 3.601454045783867e-03 9.584989327680975e-04 -1.893396440735995e-03 -4.332556095909643e-03 -5.827275054999220e-03 ...
-6.051724088579236e-03 -4.956976236024757e-03 -2.781672244510314e-03 -2.308495618925524e-17 2.781672244510244e-03 4.956976236024618e-03 6.051724088579097e-03 5.827275054999137e-03 ...
4.332556095909476e-03 1.893396440735766e-03 -9.584989327681842e-04 -3.601454045784130e-03 -5.459339169948146e-03 -6.127159590577885e-03 -5.459339169948257e-03 ];
