% File written by heat1d.C
xa=0; xb=1; kappa=0.1; t=0.2; maxErr= 1.425e-03; cpuTimeStep= 1.050e-04;
Nx=40; dx=  2.500000e-02; numGhost=1; n1a=0; n1b=40; nd1a=-1; nd1b=41;
solutionName='trueNN';
x=[-2.500000000000000e-02 0.000000000000000e+00 2.500000000000000e-02 5.000000000000000e-02 7.500000000000001e-02 1.000000000000000e-01 1.250000000000000e-01 1.500000000000000e-01 ...
1.750000000000000e-01 2.000000000000000e-01 2.250000000000000e-01 2.500000000000000e-01 2.750000000000000e-01 3.000000000000000e-01 3.250000000000000e-01 3.500000000000000e-01 ...
3.750000000000000e-01 4.000000000000000e-01 4.250000000000000e-01 4.500000000000000e-01 4.750000000000000e-01 5.000000000000000e-01 5.250000000000000e-01 5.500000000000000e-01 ...
5.750000000000001e-01 6.000000000000001e-01 6.250000000000000e-01 6.500000000000000e-01 6.750000000000000e-01 7.000000000000001e-01 7.250000000000001e-01 7.500000000000000e-01 ...
7.750000000000000e-01 8.000000000000000e-01 8.250000000000001e-01 8.500000000000001e-01 8.750000000000000e-01 9.000000000000000e-01 9.250000000000000e-01 9.500000000000001e-01 ...
9.750000000000001e-01 1.000000000000000e+00 1.025000000000000e+00 ];
u=[1.659343611813265e-01 1.706494181900065e-01 1.659343611813265e-01 1.520497449562449e-01 1.297628356178554e-01 1.003052113243767e-01 6.530470508405728e-02 2.669545044398031e-02 ...
-1.338899903767076e-02 -5.273357030090928e-02 -8.916407607389013e-02 -1.206673608076926e-01 -1.455025479724573e-01 -1.622972411715824e-01 -1.701233629850908e-01 -1.685484406756132e-01 ...
-1.576595047007062e-01 -1.380582793959125e-01 -1.108279315921810e-01 -7.747321464434392e-02 -3.983731552116460e-02 4.143153789910930e-17 3.983731552116467e-02 7.747321464434399e-02 ...
1.108279315921811e-01 1.380582793959126e-01 1.576595047007063e-01 1.685484406756133e-01 1.701233629850909e-01 1.622972411715825e-01 1.455025479724573e-01 1.206673608076926e-01 ...
8.916407607389010e-02 5.273357030090927e-02 1.338899903767071e-02 -2.669545044398037e-02 -6.530470508405736e-02 -1.003052113243768e-01 -1.297628356178555e-01 -1.520497449562451e-01 ...
-1.659343611813266e-01 -1.706494181900067e-01 -1.659343611813267e-01 ];
err=[1.385506278333365e-03 1.424875707556533e-03 1.385506278333365e-03 1.269573551590408e-03 1.083483988264577e-03 8.375209272515338e-04 5.452763264613691e-04 2.228996690604550e-04 ...
-1.117944595394292e-04 -4.403108085070107e-04 -7.444955120969182e-04 -1.007539275161229e-03 -1.214906257475168e-03 -1.355137326582351e-03 -1.420483291278335e-03 -1.407333123150861e-03 ...
-1.316413502583963e-03 -1.152748662285208e-03 -9.253827473856696e-04 -6.468800345402898e-04 -3.326306279999927e-04 7.251758204235545e-17 3.326306279999788e-04 6.468800345404008e-04 ...
9.253827473856974e-04 1.152748662285236e-03 1.316413502584102e-03 1.407333123150889e-03 1.420483291278418e-03 1.355137326582406e-03 1.214906257475168e-03 1.007539275161243e-03 ...
7.444955120969182e-04 4.403108085069343e-04 1.117944595394257e-04 -2.228996690603995e-04 -5.452763264614524e-04 -8.375209272517004e-04 -1.083483988264772e-03 -1.269573551590492e-03 ...
-1.385506278333504e-03 -1.424875707556728e-03 -1.385506278333587e-03 ];
