% File written by heat1d.C
xa=0; xb=1; kappa=0.1; t=0.2; maxErr= 3.499e-04; cpuTimeStep= 7.220e-04;
Nx=80; dx=  1.250000e-02; numGhost=1; n1a=0; n1b=80; nd1a=-1; nd1b=81;
solutionName='trueNN';
x=[-1.250000000000000e-02 0.000000000000000e+00 1.250000000000000e-02 2.500000000000000e-02 3.750000000000001e-02 5.000000000000000e-02 6.250000000000000e-02 7.500000000000001e-02 ...
8.750000000000001e-02 1.000000000000000e-01 1.125000000000000e-01 1.250000000000000e-01 1.375000000000000e-01 1.500000000000000e-01 1.625000000000000e-01 1.750000000000000e-01 ...
1.875000000000000e-01 2.000000000000000e-01 2.125000000000000e-01 2.250000000000000e-01 2.375000000000000e-01 2.500000000000000e-01 2.625000000000000e-01 2.750000000000000e-01 ...
2.875000000000000e-01 3.000000000000000e-01 3.125000000000000e-01 3.250000000000000e-01 3.375000000000000e-01 3.500000000000000e-01 3.625000000000000e-01 3.750000000000000e-01 ...
3.875000000000000e-01 4.000000000000000e-01 4.125000000000000e-01 4.250000000000000e-01 4.375000000000000e-01 4.500000000000000e-01 4.625000000000000e-01 4.750000000000000e-01 ...
4.875000000000000e-01 5.000000000000000e-01 5.125000000000001e-01 5.250000000000000e-01 5.375000000000000e-01 5.500000000000000e-01 5.625000000000000e-01 5.750000000000001e-01 ...
5.875000000000000e-01 6.000000000000001e-01 6.125000000000000e-01 6.250000000000000e-01 6.375000000000001e-01 6.500000000000000e-01 6.625000000000001e-01 6.750000000000000e-01 ...
6.875000000000000e-01 7.000000000000001e-01 7.125000000000000e-01 7.250000000000001e-01 7.375000000000000e-01 7.500000000000000e-01 7.625000000000001e-01 7.750000000000000e-01 ...
7.875000000000001e-01 8.000000000000000e-01 8.125000000000000e-01 8.250000000000001e-01 8.375000000000000e-01 8.500000000000001e-01 8.625000000000000e-01 8.750000000000000e-01 ...
8.875000000000001e-01 9.000000000000000e-01 9.125000000000001e-01 9.250000000000000e-01 9.375000000000000e-01 9.500000000000001e-01 9.625000000000000e-01 9.750000000000001e-01 ...
9.875000000000000e-01 1.000000000000000e+00 1.012500000000000e+00 ];
u=[1.683989893306394e-01 1.695744015946352e-01 1.683989893306394e-01 1.648890473800591e-01 1.590932343703266e-01 1.510918981561583e-01 1.409959619503274e-01 1.289453865856160e-01 ...
1.151072302257408e-01 9.967333242364780e-02 8.285765463327384e-02 6.489331404349112e-02 4.602935185444852e-02 2.652728079797399e-02 6.657459764059648e-03 -1.330465420770554e-02 ...
-3.308232461278968e-02 -5.240137190370450e-02 -7.099397446467645e-02 -8.860238144576284e-02 -1.049824859850746e-01 -1.199072092832175e-01 -1.331696486162378e-01 -1.445859456458967e-01 ...
-1.539978352636410e-01 -1.612748396334291e-01 -1.663160770172043e-01 -1.690516603071145e-01 -1.694436658765047e-01 -1.674866593184188e-01 -1.632077707832504e-01 -1.566663188711328e-01 ...
-1.479529882930782e-01 -1.371885727010221e-01 -1.245223001150273e-01 -1.101297641623946e-01 -9.421048980809107e-02 -7.698516732298302e-02 -5.869259283561205e-02 -3.958635788090702e-02 ...
-1.993133383890359e-02 3.133565016055891e-17 1.993133383890365e-02 3.958635788090708e-02 5.869259283561212e-02 7.698516732298309e-02 9.421048980809116e-02 1.101297641623947e-01 ...
1.245223001150273e-01 1.371885727010221e-01 1.479529882930782e-01 1.566663188711328e-01 1.632077707832504e-01 1.674866593184187e-01 1.694436658765047e-01 1.690516603071145e-01 ...
1.663160770172043e-01 1.612748396334291e-01 1.539978352636409e-01 1.445859456458966e-01 1.331696486162378e-01 1.199072092832174e-01 1.049824859850745e-01 8.860238144576277e-02 ...
7.099397446467635e-02 5.240137190370441e-02 3.308232461278958e-02 1.330465420770544e-02 -6.657459764059770e-03 -2.652728079797412e-02 -4.602935185444866e-02 -6.489331404349127e-02 ...
-8.285765463327401e-02 -9.967333242364798e-02 -1.151072302257410e-01 -1.289453865856162e-01 -1.409959619503277e-01 -1.510918981561586e-01 -1.590932343703269e-01 -1.648890473800594e-01 ...
-1.683989893306397e-01 -1.695744015946355e-01 -1.683989893306397e-01 ];
err=[3.474340486894767e-04 3.498591121852690e-04 3.474340486894767e-04 3.401924770660425e-04 3.282347878457714e-04 3.117267515038435e-04 2.908972203692073e-04 2.660349560252295e-04 ...
2.374846261828656e-04 2.056420265226511e-04 1.709485937449740e-04 1.338852858952383e-04 9.496591480093880e-05 5.473002305414823e-05 1.373540428597705e-05 -2.744962957421798e-05 ...
-6.825412685657062e-05 -1.081124113022428e-04 -1.464719240825973e-04 -1.828008839696721e-04 -2.165956594648716e-04 -2.473877506861955e-04 -2.747502842220251e-04 -2.983039309145397e-04 ...
-3.177221645316031e-04 -3.327357884291282e-04 -3.431366674463421e-04 -3.487806133020688e-04 -3.495893834890018e-04 -3.455517659564644e-04 -3.367237345437979e-04 -3.232276730105732e-04 ...
-3.052506784197717e-04 -2.830419673948426e-04 -2.569094212088868e-04 -2.272153175992969e-04 -1.943713084808230e-04 -1.588327131794159e-04 -1.210922063012432e-04 -8.167298774242743e-05 ...
-4.112152952315262e-05 6.242169430380505e-17 4.112152952312834e-05 8.167298774239967e-05 1.210922063013681e-04 1.588327131795270e-04 1.943713084809617e-04 2.272153175993108e-04 ...
2.569094212089285e-04 2.830419673948703e-04 3.052506784197440e-04 3.232276730106842e-04 3.367237345438534e-04 3.455517659564367e-04 3.495893834890296e-04 3.487806133020688e-04 ...
3.431366674463143e-04 3.327357884291282e-04 3.177221645315753e-04 2.983039309144841e-04 2.747502842220251e-04 2.473877506860983e-04 2.165956594648577e-04 1.828008839696166e-04 ...
1.464719240826529e-04 1.081124113020901e-04 6.825412685636939e-05 2.744962957416074e-05 -1.373540428612190e-05 -5.473002305415517e-05 -9.496591480118860e-05 -1.338852858953771e-04 ...
-1.709485937450295e-04 -2.056420265228731e-04 -2.374846261830044e-04 -2.660349560255348e-04 -2.908972203694571e-04 -3.117267515040656e-04 -3.282347878460490e-04 -3.401924770663201e-04 ...
-3.474340486897542e-04 -3.498591121856298e-04 -3.474340486897542e-04 ];
