% File written by heat1d.C
xa=0; xb=1; kappa=0.1; t=0.2; maxErr= 8.882e-16; cpuTimeStep= 1.470e-04;
Nx=40; dx=  2.500000e-02; numGhost=1; n1a=0; n1b=40; nd1a=-1; nd1b=41;
solutionName='polyDD';
x=[-2.500000000000000e-02 0.000000000000000e+00 2.500000000000000e-02 5.000000000000000e-02 7.500000000000001e-02 1.000000000000000e-01 1.250000000000000e-01 1.500000000000000e-01 ...
1.750000000000000e-01 2.000000000000000e-01 2.250000000000000e-01 2.500000000000000e-01 2.750000000000000e-01 3.000000000000000e-01 3.250000000000000e-01 3.500000000000000e-01 ...
3.750000000000000e-01 4.000000000000000e-01 4.250000000000000e-01 4.500000000000000e-01 4.750000000000000e-01 5.000000000000000e-01 5.250000000000000e-01 5.500000000000000e-01 ...
5.750000000000001e-01 6.000000000000001e-01 6.250000000000000e-01 6.500000000000000e-01 6.750000000000000e-01 7.000000000000001e-01 7.250000000000001e-01 7.500000000000000e-01 ...
7.750000000000000e-01 8.000000000000000e-01 8.250000000000001e-01 8.500000000000001e-01 8.750000000000000e-01 9.000000000000000e-01 9.250000000000000e-01 9.500000000000001e-01 ...
9.750000000000001e-01 1.000000000000000e+00 1.025000000000000e+00 ];
u=[1.046915625000000e+00 1.060000000000000e+00 1.073415625000000e+00 1.087162500000000e+00 1.101240625000000e+00 1.115650000000000e+00 1.130390625000000e+00 1.145462500000000e+00 ...
1.160865625000000e+00 1.176600000000000e+00 1.192665625000000e+00 1.209062500000000e+00 1.225790625000000e+00 1.242850000000000e+00 1.260240625000000e+00 1.277962500000000e+00 ...
1.296015625000000e+00 1.314400000000000e+00 1.333115625000000e+00 1.352162500000000e+00 1.371540625000000e+00 1.391250000000000e+00 1.411290624999999e+00 1.431662500000000e+00 ...
1.452365625000000e+00 1.473399999999999e+00 1.494765625000000e+00 1.516462500000000e+00 1.538490625000000e+00 1.560850000000000e+00 1.583540625000000e+00 1.606562500000000e+00 ...
1.629915625000000e+00 1.653600000000000e+00 1.677615625000000e+00 1.701962500000000e+00 1.726640625000000e+00 1.751650000000000e+00 1.776990625000000e+00 1.802662500000000e+00 ...
1.828665625000000e+00 1.855000000000000e+00 1.881665625000000e+00 ];
err=[2.220446049250313e-16 0.000000000000000e+00 0.000000000000000e+00 0.000000000000000e+00 0.000000000000000e+00 -2.220446049250313e-16 0.000000000000000e+00 -2.220446049250313e-16 ...
2.220446049250313e-16 -4.440892098500626e-16 0.000000000000000e+00 0.000000000000000e+00 0.000000000000000e+00 -4.440892098500626e-16 0.000000000000000e+00 -2.220446049250313e-16 ...
0.000000000000000e+00 -2.220446049250313e-16 0.000000000000000e+00 -4.440892098500626e-16 0.000000000000000e+00 -2.220446049250313e-16 -6.661338147750939e-16 -2.220446049250313e-16 ...
-2.220446049250313e-16 -8.881784197001252e-16 0.000000000000000e+00 -4.440892098500626e-16 -2.220446049250313e-16 -6.661338147750939e-16 -4.440892098500626e-16 -4.440892098500626e-16 ...
0.000000000000000e+00 -4.440892098500626e-16 -4.440892098500626e-16 -2.220446049250313e-16 -2.220446049250313e-16 0.000000000000000e+00 -2.220446049250313e-16 -2.220446049250313e-16 ...
0.000000000000000e+00 0.000000000000000e+00 -6.661338147750939e-16 ];
